model_11
Loss: 0.04924483969807625 (binary_crossentropy)
MSE: 0.01254155021160841
{"loss": [0.0758182480931282, 0.04067643731832504, 0.03643374145030975, 0.0342215970158577, 0.03273763880133629, 0.031609803438186646, 0.03069399669766426, 0.029905078932642937], "mean_squared_error": [0.0177109707146883, 0.010307542979717255, 0.009477067738771439, 0.009022088721394539, 0.008708085864782333, 0.00846206396818161, 0.008260968141257763, 0.008079541847109795], "val_loss": [0.051743824034929276, 0.04854658991098404, 0.04793231934309006, 0.04786128178238869, 0.048130881041288376, 0.04828578606247902, 0.048797376453876495, 0.04898513853549957], "val_mean_squared_error": [0.012825177051126957, 0.012416019104421139, 0.012358634732663631, 0.012351159006357193, 0.012397732585668564, 0.012413394637405872, 0.012467249296605587, 0.012489084154367447]}

model_12
Loss: 0.04891578480601311 (binary_crossentropy)
MSE: 0.012520148418843746
{"loss": [0.07576140016317368, 0.040660083293914795, 0.036432672291994095, 0.03420751914381981, 0.032731905579566956, 0.031603194773197174, 0.030682750046253204], "mean_squared_error": [0.01767978072166443, 0.010302992537617683, 0.00947943888604641, 0.009020278230309486, 0.008708151057362556, 0.008461358956992626, 0.008257283829152584], "val_loss": [0.051713425666093826, 0.048426467925310135, 0.04783013463020325, 0.04793428257107735, 0.04801738262176514, 0.04825599491596222, 0.048630405217409134], "val_mean_squared_error": [0.012817542999982834, 0.012394802644848824, 0.012350669130682945, 0.012367390096187592, 0.012379671446979046, 0.012408033944666386, 0.012444286607205868]}

model_13
Loss: 0.04883541911840439 (binary_crossentropy)
MSE: 0.012496203184127808
{"loss": [0.07568133622407913, 0.040674880146980286, 0.03644366189837456, 0.03422907367348671, 0.03274917975068092, 0.03161947801709175, 0.030692875385284424], "mean_squared_error": [0.017670704051852226, 0.010307792574167252, 0.009478003717958927, 0.009022756479680538, 0.008714521303772926, 0.008464989252388477, 0.008259367197751999], "val_loss": [0.05165430158376694, 0.0484606996178627, 0.04778653755784035, 0.04800324887037277, 0.04800355061888695, 0.04829733818769455, 0.04871020093560219], "val_mean_squared_error": [0.012791834771633148, 0.012410297989845276, 0.012333301827311516, 0.012371569871902466, 0.012384654022753239, 0.012417064048349857, 0.012445827946066856]}

model_14
Loss: 0.04881616309285164 (binary_crossentropy)
MSE: 0.012494802474975586
{"loss": [0.07584207504987717, 0.04068431630730629, 0.03643976151943207, 0.03423086553812027, 0.03274139389395714, 0.03161151707172394, 0.030686810612678528], "mean_squared_error": [0.01771361380815506, 0.010305848903954029, 0.009481036104261875, 0.009025217965245247, 0.008709369227290154, 0.008464452810585499, 0.008257271721959114], "val_loss": [0.05176056921482086, 0.04844170808792114, 0.04783555865287781, 0.04804179444909096, 0.04806552082300186, 0.048389893025159836, 0.04867475852370262], "val_mean_squared_error": [0.012815404683351517, 0.012402176856994629, 0.012334511615335941, 0.012380880303680897, 0.012378302402794361, 0.012423264794051647, 0.012452694587409496]}

model_22
Loss: 0.04886269569396973 (binary_crossentropy)
MSE: 0.012504113838076591
{"loss": [0.07585147023200989, 0.04065950587391853, 0.03642899543046951, 0.03422141820192337, 0.03273141756653786, 0.031604185700416565, 0.030676541849970818], "mean_squared_error": [0.017711510881781578, 0.010302518494427204, 0.009477793239057064, 0.00902454275637865, 0.008707620203495026, 0.008463509380817413, 0.00825316458940506], "val_loss": [0.05169927328824997, 0.04855140671133995, 0.04777657240629196, 0.04801027104258537, 0.04808274284005165, 0.048239707946777344, 0.048603884875774384], "val_mean_squared_error": [0.012800771743059158, 0.012429066002368927, 0.01232968457043171, 0.012374185025691986, 0.012387420982122421, 0.012405062094330788, 0.01244593970477581]}

model_1
Loss: 0.048840492963790894 (binary_crossentropy)
MSE: 0.012487184256315231
{"loss": [0.07564923167228699, 0.04065222293138504, 0.036423828452825546, 0.03420693427324295, 0.032735757529735565, 0.03160613402724266, 0.030689042061567307], "mean_squared_error": [0.017664363607764244, 0.010302147828042507, 0.009475801140069962, 0.009018192067742348, 0.008707070723176003, 0.008462883532047272, 0.008258519694209099], "val_loss": [0.05167767032980919, 0.04843746870756149, 0.047752343118190765, 0.04787933826446533, 0.048007890582084656, 0.04836175963282585, 0.048655278980731964], "val_mean_squared_error": [0.012806602753698826, 0.012402095831930637, 0.012330039404332638, 0.0123455123975873, 0.012375924736261368, 0.012412765994668007, 0.012442993931472301]}

model_2
Loss: 0.048822686076164246 (binary_crossentropy)
MSE: 0.012514797039330006
{"loss": [0.07571955025196075, 0.04065081477165222, 0.0364149808883667, 0.03421236202120781, 0.03273491933941841, 0.03159896656870842, 0.030679523944854736], "mean_squared_error": [0.017665300518274307, 0.010302620008587837, 0.009474203921854496, 0.009022332727909088, 0.008708277717232704, 0.008462167344987392, 0.00825574342161417], "val_loss": [0.05176081508398056, 0.048445362597703934, 0.04784776270389557, 0.04786250740289688, 0.048027556389570236, 0.04828562214970589, 0.048554107546806335], "val_mean_squared_error": [0.012805966660380363, 0.012401510961353779, 0.012339058332145214, 0.012351575307548046, 0.012375169433653355, 0.012399309314787388, 0.012436563149094582]}

model_3
Loss: 0.04881907254457474 (binary_crossentropy)
MSE: 0.012499879114329815
{"loss": [0.07577789574861526, 0.04065469279885292, 0.036420807242393494, 0.03422032669186592, 0.03272869810461998, 0.03161245211958885, 0.03068380244076252], "mean_squared_error": [0.01768481358885765, 0.010300063528120518, 0.00947492104023695, 0.0090241814032197, 0.00870697945356369, 0.008462642319500446, 0.008258321322500706], "val_loss": [0.051675498485565186, 0.04842475429177284, 0.04786961153149605, 0.04790117219090462, 0.04800703376531601, 0.04840777441859245, 0.0486053004860878], "val_mean_squared_error": [0.012804638594388962, 0.012400957755744457, 0.012342487461864948, 0.012347557581961155, 0.01237233355641365, 0.012418581172823906, 0.01244406495243311]}

model_4
Loss: 0.04925823211669922 (binary_crossentropy)
MSE: 0.012538016773760319
{"loss": [0.07580596208572388, 0.04070989787578583, 0.03645986691117287, 0.03423530235886574, 0.032750219106674194, 0.03161223977804184, 0.030690521001815796, 0.029901552945375443], "mean_squared_error": [0.0176838468760252, 0.010315699502825737, 0.009485634043812752, 0.00902722030878067, 0.008710441179573536, 0.008461710065603256, 0.008261275477707386, 0.008077962324023247], "val_loss": [0.05178448185324669, 0.04860292002558708, 0.04778353124856949, 0.04777580499649048, 0.04803907871246338, 0.04832685738801956, 0.048547323793172836, 0.04909319058060646], "val_mean_squared_error": [0.012832948938012123, 0.012442591600120068, 0.012332642450928688, 0.01234239898622036, 0.012379118241369724, 0.012410958297550678, 0.012439110316336155, 0.012493930757045746]}

model_5
{"loss": [31.888687133789062, 66.52366638183594, 109.2759017944336, 155.77537536621094, 204.76063537597656], "mean_squared_error": [0.7362326383590698, 0.973774254322052, 0.9760943651199341, 0.9761151671409607, 0.9761156439781189], "val_loss": [49.32198715209961, 91.90904998779297, 140.3363800048828, 190.92662048339844, 242.8887176513672], "val_mean_squared_error": [0.9650845527648926, 0.9758716821670532, 0.9759545922279358, 0.9759555459022522, 0.9759555459022522]}

model_6
Loss: 0.05052238702774048 (binary_crossentropy)
MSE: 0.012695075012743473
{"loss": [0.1120867133140564, 0.04431517422199249, 0.038723960518836975, 0.03616766259074211, 0.034584809094667435, 0.03344113752245903, 0.032543692737817764, 0.03179538622498512, 0.031155267730355263], "mean_squared_error": [0.025059126317501068, 0.010447843931615353, 0.009669465012848377, 0.009254544042050838, 0.008975774049758911, 0.008761532604694366, 0.008587522432208061, 0.00843835435807705, 0.00830693356692791], "val_loss": [0.05704887583851814, 0.05105408653616905, 0.04969346150755882, 0.04940786212682724, 0.04938898980617523, 0.04961685091257095, 0.04981222748756409, 0.04998165741562843, 0.05019853636622429], "val_mean_squared_error": [0.013001576997339725, 0.01257274392992258, 0.012498091906309128, 0.012511549517512321, 0.012531755492091179, 0.012575139291584492, 0.012597234919667244, 0.012619990855455399, 0.012636492028832436]}

model_7
Loss: 0.048864252865314484 (binary_crossentropy)
MSE: 0.012502396479249
{"loss": [0.07571934908628464, 0.04066185653209686, 0.0364316888153553, 0.03421592339873314, 0.03273573890328407, 0.031604766845703125, 0.03068317100405693], "mean_squared_error": [0.017672359943389893, 0.010300870053470135, 0.009476113133132458, 0.009020925499498844, 0.008706345222890377, 0.008462672121822834, 0.008255420252680779], "val_loss": [0.051631323993206024, 0.04839157685637474, 0.04776787385344505, 0.04785464331507683, 0.04797814041376114, 0.04834510758519173, 0.048549506813287735], "val_mean_squared_error": [0.012780955992639065, 0.012390325777232647, 0.012329093180596828, 0.012349992990493774, 0.012376119382679462, 0.01240216102451086, 0.012434680946171284]}

model_8
Loss: 0.049178559333086014 (binary_crossentropy)
MSE: 0.012542258948087692
{"loss": [0.07587768137454987, 0.04069432616233826, 0.03645407035946846, 0.034233324229717255, 0.03274442255496979, 0.03161417320370674, 0.030696913599967957, 0.029906833544373512], "mean_squared_error": [0.017704525962471962, 0.010311148129403591, 0.009481370449066162, 0.009027061052620411, 0.008710370399057865, 0.008466353639960289, 0.00826180074363947, 0.00807930901646614], "val_loss": [0.05172928050160408, 0.048404037952423096, 0.04799726977944374, 0.04784868285059929, 0.04808604717254639, 0.048291537910699844, 0.04857383668422699, 0.0490289106965065], "val_mean_squared_error": [0.012822938151657581, 0.01238861121237278, 0.012369789183139801, 0.012358015403151512, 0.012378044426441193, 0.012422950007021427, 0.012432416900992393, 0.012491005472838879]}

